0 0.112781
1 0.151382
2 0.189703
3 0.164258
4 0.118416
5 0.0906002
6 0.0761199
7 0.0583043
8 0.0425069
9 0.0330391
10 0.0284521
11 0.0279366
12 0.0299682
13 0.0326733
14 0.0329744
15 0.0270679
16 0.019187
17 0.0134593
18 0.00984205
19 0.00741598
20 0.00618806
21 0.00575819
22 0.00562942
23 0.00525565
24 0.00459536
25 0.00354577
26 0.00239895
27 0.00155959
28 0.00112015
29 0.000849924
30 0.000732715
31 0.000642308
32 0.00061539
33 0.000566429
34 0.0004879
35 0.000375437
36 0.000280273
37 0.000216457
38 0.000170375
39 0.000138335
40 0.000113675
41 9.3538e-05
42 8.34016e-05
43 7.33919e-05
44 6.69527e-05
45 5.90974e-05
46 5.11734e-05
47 4.27268e-05
48 3.32503e-05
49 2.53252e-05
50 1.90515e-05
51 1.42462e-05
52 1.1727e-05
53 1.01299e-05
54 9.84724e-06
55 9.42434e-06
56 8.66026e-06
57 6.784e-06
58 5.18098e-06
59 3.75765e-06
60 2.64722e-06
61 1.97711e-06
62 1.4918e-06
63 1.30599e-06
64 1.26921e-06
65 1.28546e-06
66 1.21415e-06
67 9.98861e-07
68 7.57888e-07
69 5.32703e-07
70 3.65183e-07
71 2.5586e-07
72 2.08791e-07
73 1.77679e-07
74 1.62549e-07
75 1.5976e-07
76 1.5463e-07
77 1.40207e-07
78 1.08238e-07
79 8.07737e-08
80 5.74396e-08
81 4.02928e-08
82 2.90421e-08
83 2.46186e-08
84 2.27794e-08
85 2.26679e-08
86 2.22135e-08
87 1.95407e-08
88 1.45634e-08
89 1.02794e-08
90 6.93225e-09
91 4.95242e-09
92 4.02422e-09
93 3.62315e-09
94 3.49654e-09
95 3.45895e-09
96 3.31846e-09
97 2.90167e-09
98 2.11835e-09
99 1.45887e-09
100 1.00485e-09
