0 2.93516
1 0.736643
2 0.13426
3 0.036781
0 2.93516
4 0.0105377
1 0.736643
5 0.00257119
2 0.13426
6 0.00075852
3 0.036781
7 0.000208975
8 5.40655e-05
5 0.00257119
9 1.46366e-05
6 0.00075852
10 3.57383e-06
7 0.000208975
11 8.80238e-07
9 1.46366e-05
12 2.135e-07
10 3.57383e-06
13 5.11401e-08
11 8.80238e-07
14 1.14311e-08
12 2.135e-07
13 5.11401e-08
14 1.14311e-08
0 2.93516
1 0.736643
2 0.13426
3 0.036781
4 0.0105377
5 0.00257119
6 0.00075852
7 0.000208975
8 5.40655e-05
9 1.46366e-05
10 3.57383e-06
11 8.80238e-07
12 2.135e-07
13 5.11401e-08
14 1.14311e-08
